58627
23040
33504
11675
47653
55087
63454
4380
27792
2580
316
15125
11086
30060
49403
10358
45590
20729
46998
60761
47778
20029
9608
8199
43677
40617
37043
4585
61674
9586
56767
26287
42719
35870
61400
24857
20013
14410
1366
60570
30576
34656
32162
24778
57725
57906
32559
47683
11033
6881
10919
61952
35267
35710
63017
49890
32090
51097
12133
31492
6950
40624
61756
65067
4188
9613
30785
22050
48636
33056
19525
44923
64184
703
15279
27457
56646
37914
27188
41685
1761
33964
28608
41164
58396
5055
41086
4691
16159
58579
29604
7878
55973
16701
44808
55534
1623
15603
35054
13550
44145
42541
37603
37311
2846
64500
42913
4943
33618
26421
42390
17683
55243
2219
53066
27307
11019
35884
50646
20225
40845
19439
14017
30864
58223
56424
14807
15711
11690
22440
41797
63759
24524
28145
5792
32045
35195
9429
48912
63071
62398
20162
15119
53738
63181
28345
32425
29927
5823
48987
22642
47981
30628
1426
33649
34937
30990
20023
5604
8477
55716
36775
61766
30137
56784
50174
5849
54198
42630
37764
23613
8436
53110
14467
36981
47349
1133
21165
19135
12778
3281
55520
9391
48849
45054
61475
18322
591
15974
57145
60761
1570
49027
39552
42649
41726
7383
64779
64631
3798
52106
62874
61015
554
45708
265
6815
4630
28352
52174
20345
33538
52195
53722
14130
8450
52232
9082
45815
9628
64141
61271
53686
4325
61170
12620
44693
46102
51693
35849
40611
47094
26659
17501
7882
18487
58260
63755
52563
32799
31843
46402
15451
58142
60469
36494
40974
57174
39484
5527
49974
48806
53932
29609
31297
55162
36731
22940
10060
30362
9198
43057
9318
14798
9465
31214
58244
9714
47101
31667
51248
3185
23665
6017
42503
6806
46401
11502
4849
6784
35164
78
31850
53360
30929
50501
65387
27064
58123
3948
10641
31438
27547
25622
862
2760
64374
51074
32324
33102
11631
5624
49299
31648
48001
13000
58567
64487
51287
1076
58447
40311
8874
2044
20229
26560
53198
16656
37692
4695
3427
53268
24073
34011
26806
46523
39772
45152
45700
52365
59614
35551
14364
48870
43146
39698
23967
43657
25
43386
8243
54640
58246
32086
10533
41785
10900
5916
33810
14486
46780
20756
8342
34367
57134
50969
33822
61345
61210
7047
16451
20216
11916
15969
17957
41208
4787
1954
15686
20960
10040
58466
58778
44312
37393
21054
56768
50059
48525
39888
6530
46038
27743
36307
61062
22230
59484
25929
63205
10971
63964
56838
37065
62544
12851
19503
30698
62567
54064
60742
44890
6403
13989
58402
39156
62881
14249
35127
59550
16150
25111
11245
61012
33812
59245
1216
8024
52983
53726
49374
36460
8735
8732
47328
12758
31739
25006
60369
3436
27257
23947
16298
3106
39858
51890
14187
4324
15113
21367
20246
26443
64334
14292
60749
45799
10160
14445
27507
3314
62179
55793
3641
34176
64987
18746
944
25488
64106
54808
6005
34978
43483
24481
60376
23871
53423
24335
11745
52706
8045
59959
37977
40952
22698
60077
5525
54944
65269
30349
53006
58226
44534
15061
45809
62061
37185
63515
27922
3645
38216
24857
45173
1236
23529
6543
33493
37038
23080
64332
19164
8920
155
12647
43534
55728
24407
42647
13110
27075
20968
58897
11109
34477
9106
3538
60687
18975
34910
10463
37886
7424
16558
1834
3290
17144
19208
62103
56649
45239
63282
60523
16680
45754
52901
5999
63411
55704
11495
47205
8046
62540
42785
39863
15130
48291
24853
31556
17236
30776
1835
11650
64047
48526
64853
26342
28122
60166
4596
51982
14364
41202
38450
2920
63436
49951
37742
10443
18967
34086
8967
23434
6479
49609
60309
7461
195
7422
61644
47015
15996
3115
14750
13193
53123
1259
6088
36173
57183
33369
56340
35654
18969
57401
34902
4286
6087
58331
11076
21045
15165
10586
22316
13544
35256
8757
60272
32336
35082
17799
52704
19869
60282
64342
21692
58541
5724
31011
59542
46869
131
38660
46794
28532
53905
53157
22019
29944
41684
27550
44649
65487
13121
59131
49994
64151
61538
8147
39904
31723
26064
54182
14671
13563
42688
30750
34990
42117
41220
5
38274
32493
13594
41005
62406
37023
8447
65160
46152
24121
4907
18822
2989
6478
33333
50126
46979
51380
31193
10755
46571
4810
25166
41687
61400
14032
45184
24067
25548
60206
26638
45787
21433
63692
49194
4969
7257
10886
5539
64360
6994
6849
33862
43968
21498
23330
4867
57553
3289
41763
48770
13604
8769
5202
61497
53286
16624
7796
2538
45763
9912
15607
47544
5928
43777
14906
18296
12052
62917
7821
6956
10742
32218
43134
25760
64285
14059
36003
14166
21880
39138
42080
10909
53094
46603
14305
52705
682
34482
14221
7028
48235
35178
16138
49742
15452
14828
53145
16383
63914
5776
13221
39255
7692
41371
51602
12407
43951
12377
4920
3188
12257
25209
22853
36678
43690
49345
10549
25942
30972
32467
39194
42007
11383
28993
26901
60809
16019
31496
40560
50043
63014
36054
37687
24718
64418
39106
9694
46480
25186
59121
25218
63779
6676
5998
51673
23670
7000
60152
5084
25737
23475
1173
48513
29074
57323
6172
54263
41206
44622
2837
46258
20199
3413
5533
782
36495
23501
56415
63884
24568
61334
15301
51591
50316
9272
17211
44817
1034
3131
58936
11160
3690
54496
43958
59284
25008
46185
9316
42343
53075
23851
61492
34062
59901
11318
25890
23615
27659
14006
34778
53402
4036
40633
35547
7386
50716
13265
50868
21923
1469
59227
28107
45518
50451
27780
48225
54428
11397
62033
12835
39072
58612
4001
25114
4147
14270
5969
48
48920
49992
21142
13666
53088
63448
23266
40134
48584
44647
38904
4284
44493
9266
62422
6289
63468
19681
10764
4134
15207
30640
52182
19733
9225
36132
37818
37696
31518
61422
62225
9839
1027
12228
47021
64352
2080
1443
10345
51502
32383
26887
17045
38898
2076
17137
43195
31695
57046
18586
64203
20454
38987
45731
28957
56247
48099
53383
48331
64282
37472
16792
287
19896
59765
59094
43326
2796
23949
20965
29570
51819
58169
38787
9881
5478
65338
28010
29924
7940
21325
28305
56692
4808
50744
15326
14672
31583
45549
3196
50223
41283
47726
40594
4795
44645
32473
31059
41868
28472
29265
6768
46039
49684
16486
9515
15161
77
3765
34551
31695
49339
18268
63170
21139
24106
58555
20276
24768
19784
12818
17280
